00000000000000000000000000000
00000000000000000000000000000
00000000000000000000000000000
00000000000000000000000000000
00000000000000000000000000000
00000000000000000000000000000
00000000000000000000000000000
00000000000000000000000000000
00000000000000000000000000000
00000000000000000000000000000
00000000000000000000000000000
00000000000000000000000000000
00000000000000000000000000000
00000000000000000000000000000
00000000000000000000000000000
00000000001000000010000000000
00001101010110001101010110000
01110101110000000001110101110
01000101000001010000010100010
00000110000001010000001100000
00110000000001010000000001100
00110110000000000000001101100
00000010000000000000001000000
00000000000000000000000000000
